IID
1193992
3101847
5916058
2765535
2687237
5772214
4855875
3836367
5604359
2093574
3333392
1099757
1800015
4021413
2621830
5487754
2967246
3282271
1363868
1204988
3645311
3485236
5190823
1735035
5256311
1435902
4991132
3604475
1983077
3825583
1849840
5104888
3138877
5688647
3008249
5233954
1987266
3472083
2630243
1037615
5355535
2677808
3018317
3231844
2300100
1381897
4696384
5777131
5695051
4499233
1591711
5766034
3397440
3405221
1964525
4029558
5153979
2092962
5262686
5720278
2516306
3206198
3954487
3560240
5687343
1650063
2826955
4606383
5937377
6002742
3140785
3174708
5857799
1756113
3047159
1242791
3842531
3551788
5238164
5716835
2424312
4468501
1019304
4158150
4128662
1978803
2225637
6016421
2165404
5028264
3715954
1040836
2040930
1827194
2375839
5115253
1842024
4294743
3179971
3531982
5062219
4773301
3940742
4600518
2741920
4086076
4745434
1534556
1397527
3253770
2601329
1650323
4451918
4107956
3164347
2418004
2403709
2166386
2331133
1323506
1231451
3860002
2854537
1388372
1974297
3739627
1274715
3432929
4078992
2837520
3793426
2714419
3608942
4481383
3007072
1279799
4514386
4485518
4637615
2191514
3595335
1016497
3818026
1973434
1203229
4296779
3892448
1768160
1533971
5955245
5029667
4230822
2635235
1546443
1080500
1765747
2342009
4112807
3125777
5356879
3153145
3490111
2896086
5157188
4838223
5949934
5457424
4277141
4032883
5737359
3910368
2445014
4583440
4872574
2319476
1210804
3327192
1792281
5841364
5540427
5775969
4437898
5899749
5291963
3424194
3324126
1599676
4721015
1109649
4205323
3183280
5803485
4173949
3858210
2779786
2803172
1721888
2739205
5441666
5160656
2440711
1196574
2178777
3792813
6007629
1963959
5789036
5583124
5705994
4359400
2025930
2062936
1045233
4705572
1650081
4422912
1169770
2680338
5407850
1331042
4334079
4312783
1500922
1435628
4024306
3572047
2096105
3560223
3394205
3296085
3124422
2621739
2494211
2897722
3769881
3015534
5209498
5668280
3027376
3602580
1627688
1896831
5664899
3318151
1049347
4658898
1846592
2194481
2686541
4899982
4849138
2247079
4973580
5520271
2534230
4942144
5499305
2771155
1165550
2055955
1155087
3108477
4511107
5169504
4049019
5714973
2280185
4514263
3896532
4571076
2082149
1599971
4201271
5186177
4114540
5190317
3582779
5074913
2673802
5507488
2346447
2402240
4360961
5835642
3631784
2375509
5982765
5219192
2199568
2439886
4886221
5618102
1054221
4109367
3047661
5468577
3288376
5952728
3977583
1398804
5326775
5162050
5721678
1766522
4350679
4794044
2070715
4801136
6021646
2502184
2209507
1578296
4696710
5648553
3348811
5404127
3409089
2525671
3983136
5996189
4609042
1989178
4163033
2110954
5938808
4947392
5386678
6003399
3363938
4362129
3415785
2854912
1009226
4561958
3858947
4269650
5492109
3282840
2239970
3976661
3335342
4954859
5163772
5497010
3189320
2165780
2999096
5941142
3946808
3909357
3789071
2958310
3446974
3599655
1098514
5127145
5085348
5718067
4295888
5176717
2498709
4111694
1968739
5786545
6006224
1014969
1856274
4756271
2968378
2389488
2801910
1970132
4333742
3878311
3952666
2928869
2693310
5218241
2184804
4306832
5233591
2326346
1347831
5240636
4399977
4450034
3685207
5071484
4576493
6012638
2446576
2138227
5558158
1642389
4413213
2612618
4715310
5868888
2454716
5709249
4470419
5417712
1565537
5001528
3808001
5830639
2195221
5596744
5456624
4070925
5387980
5502426
3894705
3679657
3668039
2127744
5499691
5122763
1675521
3104663
1303795
2706517
2951943
5444742
4798858
2660339
3538100
5015660
1546388
4071548
1926318
3762107
4151084
2787250
2335313
2436586
4739812
5607604
1173675
4086143
5591478
2560411
5515262
1582110
1187537
1239255
2710196
2462002
4295823
2544595
3306118
1026306
5668607
5394252
1302832
4210193
2547698
4772032
2357266
4101630
5513192
5544270
2382489
4299076
3048956
3555635
3162752
1798611
3806007
5734363
2819694
1352024
5154436
5610685
3123293
3090974
3448823
4801338
4052924
4231099
2890171
1855971
5724903
3632772
4536602
4909531
2634734
3943760
1169148
4093999
3263764
3026150
1936939
4020597
5966173
5183096
5767328
3618884
4164385
3450341
1688275
4325882
1451826
4348598
1478985
1812520
4024713
2874018
1368054
1376955
3523019
2534227
5986016
1708187
3316852
1480536
2472592
4597477
5663859
5246621
4824156
3118930
2982962
2563727
2974582
4718463
5296000
4622559
1601959
2857124
4173333
2294604
5097856
1763449
5432241
5763599
3340419
6011829
1034421
4345200
2280537
2793892
5286736
1240169
1615612
1111065
5207377
1963861
1632979
3817981
1071411
5518901
5082270
6004314
1536070
2310041
4214674
1460523
3577019
4676661
3373998
3796734
4547764
1733389
1892618
4454317
2878257
5193560
5769243
2131660
3081167
5309905
4354044
3975143
1957793
2645630
4903293
4857397
4562905
1205949
1292555
3514875
3492663
1674443
4474636
2993480
5512397
5085117
2414286
1854382
5105945
2587069
4453281
4302962
1867739
1435573
4620160
5061558
5075864
2375231
4849435
1700272
1204607
1544118
3762999
3166331
1603760
4080753
4870761
4816965
5182115
4822476
1202281
5171524
4911601
2039029
5472380
4526561
3613201
1801241
1389120
4784343
4570272
1510345
2061153
1364228
2424915
3130431
4835250
1959097
2070729
3730345
3561849
4325602
4343002
4731117
5168657
1512440
4949173
5578505
5854705
3260782
3767876
1791816
4022592
4378569
2368192
3182119
5612081
4597129
3416637
2732430
3707931
2546943
3314003
3088007
1426678
2096992
4860727
2817206
4421903
1441473
1145482
1681180
3656782
3202867
5469059
4089829
5241069
4154331
4907776
4865774
1107027
5625702
4134027
4310128
3632357
5643757
1229451
5652140
2315459
1672120
2318672
5818148
3062016
3203403
5750047
4103050
1598879
4448049
2019351
5243048
5488180
2739307
2668345
2065128
3791270
1961874
1934255
5838661
1386608
4770288
3447927
4260214
2295686
3283485
4302430
2284831
2886169
5799195
2850944
5478903
5785802
2379287
3251548
2019644
1687720
3401427
1816153
1581540
2324265
3712926
2901414
3425036
3195390
1613921
3138326
1621843
4329906
2463274
5806545
3414999
4828285
3613642
4836816
4527648
4249193
3400139
1674564
4407588
2754714
1490576
5207017
5254954
4442662
3664662
5599355
2680319
3627262
5692472
3263259
5464440
3153786
2180772
3144824
3558179
1837842
2244139
1269938
4904029
5578660
5810565
4354133
2658591
1400889
3892593
4644796
4700962
4843604
3484929
2319900
3895853
4685450
1762146
1320330
2202462
3053406
3575064
4760028
5317465
5176001
2180586
5929263
5639912
2834107
5871779
5769788
2096584
4767724
2872132
5077674
2820516
2088982
2365260
5828625
1875216
3406954
4266304
4723085
5215989
5721693
1598111
5102208
4372292
3559718
2739621
5497032
4064221
4704864
3951347
5693386
2486032
1229315
4796114
2533427
2024783
3279964
3889382
1838958
1977616
5964129
5988975
2336696
2476441
3691544
1779084
5384173
4099345
2065145
4141792
1911518
4164783
2868359
2839943
3637270
3913024
4855619
3652360
3012928
5804934
1764286
1140558
3730554
1706156
5543674
1096508
2769985
4245642
2797578
5370759
2440035
1430436
1955712
4710970
4789361
4116669
2015643
3646096
2537261
5155798
1731279
2241894
2401959
2920907
1439190
4147006
5104903
3303615
2091397
4877060
1612853
3556652
5852956
5697306
3555693
4417828
4269338
5587250
1147718
1914627
2894436
5966255
2160963
4922416
4767947
2735811
3787526
5132521
5120174
2639378
5396256
3542439
5649587
5033306
3204959
4858211
1207391
3543111
2433107
5645521
5619262
2019055
5186302
3708542
1605975
4013949
2826265
1283568
2453406
2591471
1758862
4343084
5589821
5169908
4843460
3533011
1951291
1609787
1181343
5577583
2588873
4489497
5971234
2914785
4087016
5750455
5117906
4856371
3605374
1731980
1752033
2774516
2064352
2998724
1090618
3552887
4350827
5829818
2791605
3396849
4402857
2125163
3059171
2948372
1526853
1186132
5433577
1453763
1968851
2212196
4514131
4547425
4802883
1397269
5553846
2777070
4896292
2872033
4066041
4109714
5290716
5531084
1344340
4865707
1276864
4836411
1948481
1572766
3754650
2756387
4463252
2723181
4800277
2885400
4028601
4868632
4478929
3324033
3594704
3707470
5891363
1195378
4767755
4821550
5648217
1328220
3632244
3216512
5622355
4079461
5749474
2229371
2154516
5500386
1648002
3254195
5743175
5918505
1976225
2398068
3399697
5850986
4037534
4265669
2987555
4586806
5739676
4960738
3393412
5743990
3072646
5008486
3995638
3058723
2232389
2539586
2311084
2885303
2394243
1225665
4601923
1258449
4907362
1519896
2062850
5623464
4229929
5860225
6024284
5318295
2062369
4171860
2936139
1166803
2859455
4431630
3336310
5308434
3649836
2967302
2776430
2393074
4552915
4222050
3133106
2800739
2384827
3331964
3091879
1298805
4264194
3318267
2200381
1232068
1189074
5307860
1082566
4048474
5544436
1643115
4901754
3651116
4918059
4775024
5768678
4937542
4492603
5677297
3901674
1480629
1202256
3070493
4052576
3332727
3244482
5510541
2002434
1879930
4058264
3597994
3082036
4536193
1064885
4809975
1338212
2626663
3327281
2214430
2452411
1513273
3277876
3517560
2628769
2610551
5788436
2693240
5907909
3578511
5777123
2226410
3519501
3813346
4635543
4747087
1380287
5180833
1227224
5761509
4255824
1748403
3297385
5519130
2408031
4155953
3769744
2184597
5924659
3741790
1904823
2422137
3324990
2422203
3467382
5888395
1138100
5669008
1448560
4131076
5143523
2508121
2560180
3389571
5488741
1996736
4764043
2507018
3949045
1989829
1595029
2524233
5766775
4675703
1697731
3367768
4140764
2101841
2115149
3355188
2217525
3288851
1220357
5920396
3928687
1812321
3580225
3114889
5662488
5439869
5688788
3670004
1638845
2576432
3520350
1970253
2672150
5965024
4719258
5637072
1789895
5201048
3789187
1761988
3230603
5429880
5845208
3023378
3579595
4327477
4280937
3570890
3049225
5991226
1527789
1783178
4729277
2323732
3192629
1797843
2059846
3476327
1236338
3157942
4972170
4822618
2096547
2367298
4690006
3169480
1913890
5196701
2897290
1230912
1685515
1331108
3789480
4082676
2035861
3710957
5902118
2647508
3055169
4524374
1248875
5868629
1190091
1816443
4879269
3596399
1733039
5896276
2214498
2131182
2077718
5399066
4278664
3840850
5682871
5147949
5285899
3776594
5248190
4335119
2865327
4300759
2133453
5309842
1832815
1390293
5462625
4314492
1260764
4535456
2152828
1545565
4604411
2245790
5180249
5558270
5078538
3210773
5701266
3247955
1996512
2677882
3032089
1438321
5319074
3010327
5732243
1137803
3765111
3964082
1997729
1485985
4392993
1408870
5255759
4046827
4107963
1437829
1531121
4879701
4313583
5465848
5051517
5868456
5173307
4197320
1414410
5332089
2914237
2986255
3665206
2579457
3599973
5027386
4991777
3325393
2229009
1031033
5322713
5181454
2779749
3247015
3135684
2024891
4859952
3249295
3229105
5841114
1311125
2264940
3412639
4497041
2565078
2172085
1835698
5185441
1334631
1236476
5212438
5078909
1826411
3860963
3282128
6018700
1987830
4553158
2087587
3877195
4413224
2850425
5181673
3550958
4673631
2027257
5641334
5796018
1182911
3594578
3440013
4889185
3399634
3834500
3912631
2772845
2889628
2923445
4729458
5210752
5147570
2278983
3605833
4943897
5218721
2789422
4302774
2433784
2451055
2829165
1116848
1858362
3377858
5692762
2746976
3430945
5843732
2895247
1479403
4950852
4536563
5950567
3775734
1238332
3095275
4097452
1896670
5550906
3382907
5305798
5789312
4069761
3700421
1304881
4191343
5473010
2921524
6019191
3662487
1086845
2567561
3735724
2128944
4745871
1751707
2831809
5668151
1301064
3604262
2387386
2165269
3629223
2667276
5065636
1134489
3107435
4463836
3936559
5329030
5442541
4891838
5151258
2696210
2578871
5789982
3919466
4523209
2649835
1597200
2144141
4414522
2649129
2484224
3021303
5537442
2616567
1198113
3726091
2805388
2794550
5265580
4459482
2292122
3458621
3340389
3119180
2851792
3560804
1411302
2542632
1387186
3929623
4158541
1038680
3124008
1445945
4780117
4519684
1702183
1755976
3486703
5953142
5529424
3839508
3779976
5830411
5889753
5991462
2703848
3934767
5628077
3989651
2652605
2207309
2860698
5025145
5098840
4107589
5527708
2078707
1653479
4938595
2382649
4429627
2403858
2168236
3165171
4616014
2399256
3670932
1585100
5075974
5505980
3895098
1675504
1291293
1327384
4473369
5102328
2629847
2532952
5424649
3107967
2477548
5888121
2045239
2163476
2301124
3671574
2184358
3849057
5767974
3527654
1248267
2246182
1463339
6013094
2590042
5459348
4268553
1396526
5428380
3436297
3106635
3088505
4811925
3890289
3941902
4440697
2465788
5175115
5252458
1054633
3721708
2916189
4354689
4823998
1794437
1081637
3881691
2509696
1094256
2573350
4707256
5792057
4017362
3819765
2224215
3394476
4631522
4436359
3943437
5616594
3458101
2626415
4809271
3230072
5329277
2008976
1699784
2708096
4361257
3097432
3223845
1120797
3863445
4220584
3794835
4881056
2339453
2289054
1111428
4150446
3135808
5156204
1400291
4753964
2481434
2386731
5976298
4833192
2420113
4460305
4715896
2439851
2724289
5460987
3165283
3694516
5044508
1612189
2823462
2049965
1712358
4526103
1492341
1148486
3050846
3326714
4652346
4954428
2961213
2934364
2941131
5230237
2885686
2114852
1263936
3907566
5178453
5348704
4410588
4380803
3364663
5409857
5731035
1423796
1950184
3686858
1290783
1882712
5783959
1492451
3267499
4210519
5451877
1478133
2545097
2585532
5334395
2984611
4691576
3630741
3033029
3862726
4585631
3033070
2243082
3647965
4884253
1028809
4417036
2795663
3896868
1983043
1805722
2578794
5132274
5118616
4246655
1018627
2090142
4200436
1079284
2663628
1616126
2769211
3241452
4852090
4843708
2550864
3187915
5412880
3423432
2604910
3207958
3690277
2494337
1018686
2586391
1855527
2606884
1227089
1365878
2611845
3225894
3090270
4905020
1700350
2185657
2607418
5333605
2482274
3208726
4426349
2160241
4537351
2369522
4475044
3731580
3996825
2211134
4967915
4229789
1697788
3715205
4806329
5683732
2245813
5662769
3045205
1922353
4604643
2778443
1948361
2004528
1035966
5113045
4028874
5526889
3079212
4265290
2142985
5155910
2762895
5271037
5075401
5209297
3561237
5022999
4879170
4758590
4457697
2419323
4241332
4045015
3587333
3066264
2202549
3911763
2589495
2605100
2639682
1861843
4598125
5907894
1237074
2206819
3526008
1365564
1329443
4392753
3175552
3347847
3835134
1986881
4078625
5609158
3625701
1695226
3896079
1745919
3208162
3578082
3231377
3658288
4430264
1697976
4903769
5712173
2444027
5773607
2408251
4195885
2648580
4771084
3126857
2383321
3026196
3439085
4336309
1472959
5160869
4981348
1676568
3905454
3285917
5056186
1312660
3636359
2168988
5387560
1556826
4890520
4303154
1973685
1566394
3028075
5473867
5163141
3092139
4950484
3051274
4905215
5879925
2985179
5442819
3895602
2120123
3040415
4060709
4745452
1361749
2106683
3445936
2871962
5249280
1316368
4191923
3184191
1324023
5071364
4223182
2894237
1239494
4830648
2206261
5435262
1235030
3928281
4672746
3012193
3356940
4179102
3929472
5387649
3443405
4930401
1167317
5725073
1559381
5336108
4323238
4689843
5367697
5615520
4238983
5871815
3481877
4107657
5972750
2017646
4448313
1051680
1290988
5925483
3293395
5202014
5095545
2415344
4994450
5485085
2570996
1855439
3242055
4630174
1937037
2048560
3305810
4351111
2148594
5205956
4514809
5871086
5776538
4634822
1887276
4049846
4290010
3889252
5847607
3304274
3522694
4852889
5307562
2047947
5351131
4923938
3920580
2142565
4729997
4225057
5820059
2593825
4725906
5427255
5674064
5597692
3967619
1671886
4131196
4179985
2598012
3303111
1549328
2135043
3462730
2866520
2570252
2845000
1010076
3662976
2618590
3886425
4704328
3772232
4465511
5972266
3496767
2472540
4540029
4692056
4290498
3517240
2264362
1453781
4105267
2703026
4176670
2584616
1715857
5552268
1122062
3461431
4756831
5512614
5428296
2354994
3940366
2126589
4316056
2576469
4422293
1127565
4625252
3492482
3827492
2470627
2660832
3781027
3999731
1747429
3022959
4429999
5049467
1180828
1247051
3489380
2508200
1951846
4864973
2994906
4560132
3310270
3908865
2202822
3806141
2534618
3344492
3680015
4469314
2372556
4767611
1253322
5336357
3493206
2982234
3537957
1804772
4076036
4133306
5334594
1893028
4741951
1696562
4776656
5834157
1332163
5700877
1945292
5926771
2394117
4673467
3799319
1221970
5253195
4920469
2720077
3378030
2292146
3552760
5103550
2942650
5381833
5768872
3007543
5632651
1621720
2919150
4995327
3225723
1138911
4628852
5815987
5354332
1782451
5233264
5996647
1699967
3945712
3225525
3385779
3052264
2383728
4064064
1256196
3436032
4347435
4831044
2586446
1014346
1177835
5641413
4316203
1724600
4869739
4600036
2444671
2904740
2441787
5910372
1585731
2777698
2272199
3704107
2232814
5127694
6004392
2975693
5907779
5852554
2608303
2298975
1789390
4808701
1160630
5758940
2643087
4551409
1550885
4190349
1854661
4650690
5046645
2497218
1284657
3619703
1638256
3092052
1051710
2195098
3864813
1846635
3492803
4759228
1479051
1243766
1831350
4065212
1076394
1992151
2903379
3707339
3949636
3631435
4806058
2330028
5546659
5415717
5082956
4407405
1823669
1348905
3082915
2229045
4876345
2189075
5520727
4478157
5666305
2613874
5645398
2175708
3865780
4151266
4857679
5400507
5615482
3727597
5802712
1697221
3927696
1734330
3436276
3570973
3696026
5349373
5391378
4848760
3764762
5789048
1163348
1760207
2398981
1648424
2314551
5114673
4918144
2022504
5504569
4128753
2606643
1353614
1005686
5979339
2585503
5581039
5606226
2847401
1003026
1360679
3668682
1496494
2820061
1905117
5962451
5618297
2097888
3420534
2901185
3014510
4337431
3592422
3195604
4351176
4786234
2671111
3499500
5241523
5354877
3137153
5173575
5103687
4829297
1644285
5034668
5009336
5294505
5661773
5195133
2984166
4820496
3596178
2223832
2878417
1081615
3354772
2008410
2577099
2280150
4270807
2943200
3761056
2127930
5044667
1540536
4119850
2804315
4698498
1527024
4298014
1540524
2072291
5019862
4716942
5375420
2783136
2651443
4508915
2173443
2183118
1146302
1749209
5634191
3445583
3864195
4241015
4165699
5311584
2368364
1080229
4519064
2971976
3254523
5145560
1831844
3437174
3759153
2655062
1628329
1724848
3780317
2037064
4678713
5976057
5331714
1287809
1929917
1522041
4596696
2363288
4335913
3814131
4836088
4716688
3216724
2485143
1508588
1181638
4187203
2632585
4224221
5604028
3732097
2398175
4413046
4933847
1527386
4194434
4253576
4110925
3946051
1940131
1652040
4017568
5108214
2218318
2782440
3784842
1001000
2657080
3989896
5422871
4096628
4151522
4588051
3719398
5782879
2117898
1741687
3543764
3724415
3248443
4944456
3765043
1694592
2593769
5732301
4360325
1611470
1434260
5240217
4693216
4229700
3302822
2481510
1790098
1651717
1464919
2816133
3078177
5746689
2576853
2694710
5676037
2589123
5903460
5985698
3719305
3104783
4769377
3268069
5753794
2792388
5677742
3050291
2573213
2753063
5839590
2540218
3851428
3856234
3739326
2539269
3946098
5774360
1545394
4598913
4315075
4778479
5767777
4715422
5434705
3018043
5366452
1572113
4206915
2135501
4510483
5423150
3039777
3267963
1978127
1874704
4594039
2066934
4648124
4616460
1441781
1526616
4357051
4860004
5093531
3202950
5991170
2234458
4457916
3145683
4646714
5978576
5426975
4133462
3216971
5285855
1981190
4956208
4636130
5063517
5816355
5259258
2353637
1185560
3493980
5686903
5301115
2633215
3395181
3101677
2730015
5457472
1048922
3241621
4099047
2239242
1228928
3990497
5785591
5849032
1725137
3255042
2724060
2678318
1344182
4629561
5480790
2611402
4395812
5268802
2495090
2689507
1769822
2269202
3231186
5764644
6005048
1004871
5073083
4306711
1451869
2571947
4398671
2175558
4212521
5860735
1549688
1281676
1407494
4884657
1460498
2402560
1238369
5230849
3331537
2094182
1966552
5984510
5864390
2298730
4970199
1615375
4778143
5866352
4737031
1984305
3546775
4857436
2153750
5993940
4513322
3437029
5843930
4133404
5147825
4311829
3161731
2235342
2458934
4886189
5597657
3278155
5876984
5205606
4760162
4929975
4054229
4774485
1547445
5808963
3350597
3022203
1386580
2720062
5131741
1553563
5686160
1016871
4551148
3503884
2112676
4393912
3685225
2034848
5755893
2192229
4263049
5804469
4400362
5587684
1950654
3183803
1667530
5543803
3408627
1041258
5577576
5061532
4689082
5551320
3612265
3554009
1214586
1004696
4370756
2091215
5717023
1246024
1027205
2001929
1909940
5206806
3927273
3170834
1415092
5364202
1645639
5442791
1887228
5437194
3432114
4830034
4185671
1768865
2470686
4645879
3679561
2898497
3107896
2818971
2435069
5504172
3379252
1739296
2025775
4407486
2860511
2841206
4689795
1609998
4856769
5249992
1696521
4670519
1878884
2161247
1637741
3336400
1417646
4002047
3722610
4723077
4992464
1489956
6022208
4339916
2350445
2834673
5628128
1661449
2187022
5783652
2248433
5762878
2898847
1322117
5371311
3753939
2702602
3944704
4727956
3355420
1002976
3314738
1949269
5761310
5815197
2200180
3125237
2063516
4358875
2437325
2871939
5058973
2990005
5742876
5646255
1388976
3345579
4217913
3567823
4401177
3436756
5285867
4341172
2244479
1646422
3268315
4142965
4837598
2860181
1287521
4196750
1458442
5381708
5384236
3204450
5964800
3400710
4917058
3682498
2731679
1022965
3019166
3781633
5865583
1000669
3388174
2694964
3378581
3926713
1487544
2377951
3783850
3634982
1564734
4964864
2907260
3621096
1620155
5142997
1828804
3481955
2861990
1519733
2504724
1019130
5068042
5249571
2491944
4109684
4327835
2856736
3500132
1663157
1638433
2355408
2870121
2563077
5058515
4871267
5903079
3179439
2903074
4410617
1368408
1575294
2599514
4103284
1453091
1896727
2274070
2079073
4201629
2571388
3826500
1325733
1024150
3177200
1219172
4469854
4541640
1185612
2376215
4955493
1928758
5410999
1327235
5703030
1205479
4669427
3803190
3459566
5047868
3655602
2093285
2968903
2737536
5658947
5568866
5940325
4472437
2581395
1884189
4393744
3277577
1693766
4562200
1495966
5694062
1431786
5272846
5731396
4208017
2421163
5210089
2578497
4682636
3362225
1479204
1194535
1504793
2590822
5660309
5477881
1679307
3361428
2455309
4417521
2874501
5789106
5898861
1441523
5583148
4158254
4997233
4669689
1402180
3755839
4531676
5322933
5245030
2509298
4981668
2539404
1248516
2993907
1028225
4906233
2438099
5176188
1687358
3411929
5508077
1507942
5257406
1293916
2366846
1792131
3476024
3003112
5358853
3771999
1757025
5539319
2562203
5123909
5995641
4467177
1843665
3703787
4473435
2489490
2904581
3429445
3092553
1013420
3035977
1688388
4856246
5286141
1054189
2777310
4667988
5405537
2978941
3534913
5946541
4397858
1043734
2767663
3311682
1638242
5407720
3796339
4823185
2242093
5162176
1306314
1847461
1349978
4686735
5735896
5494757
5733678
4096418
4004865
5944518
3787136
4710349
5618635
5713493
4545937
1503637
3775783
3685521
2465204
2073425
5793680
3706183
1159068
4868123
2245872
3686299
1893912
5640142
3351546
2233645
2187690
2938116
2180182
4501348
4652823
4941075
2530793
3804825
6017591
4051439
5414056
4012445
2313367
2982514
1829516
3451129
4800491
5539497
2905124
2203295
4572814
5618382
3260088
4018458
2221822
5644530
4278240
4601267
2665342
4696672
3066662
2806700
2351972
2194987
2338967
1304414
3475182
1079322
1713466
2881568
5401741
5044594
5708060
3792921
4778863
2594142
5907581
3835043
5334699
4450488
3140215
3133327
1697064
5904032
3813295
1712509
1938115
5960651
5117776
2013505
2647246
4294631
5020451
1147830
4697424
2053147
2633253
3902475
3404050
5455547
1024769
4827568
4257483
1606296
3693546
4186434
3095984
5970842
2804904
3100602
2566395
5072935
3983895
4718407
4928166
2004015
4485048
3670050
3507556
2404517
1833464
3359227
5872783
2311743
5963841
4578175
4912641
1463559
1956684
2755014
3832649
2814186
2901874
4069402
5362990
5276150
5337884
2620387
5175170
4468021
2720501
4393076
4601625
4481721
2672371
2584469
2209837
4195029
4248159
4725844
5970838
3172432
5186636
4806412
1664039
1276606
2242709
3112790
1997591
3170157
3257444
4392604
2675628
3623445
3300342
4822381
1052786
3365316
5853761
5970289
2241277
4003793
2905249
5631683
5076991
4658692
4161696
3159475
5394962
4008509
2404535
4688914
3630604
5346174
3458946
3633233
1756338
3132743
3534015
1236708
3891977
3131790
5799855
5554313
3871732
5451417
4718050
1454662
5777416
2474379
2657055
4164674
3101338
3745030
4853892
3161324
3653883
3265130
3719106
1478211
4223418
2697859
3894987
5876512
1259695
2561070
3511155
4367071
3229810
2759459
3573953
1025950
4426941
4781708
2352660
2059767
1048167
2976889
2008894
2073160
4225587
3940774
4302412
4707585
3957855
5943786
1415031
5105410
2646016
1224107
4668049
3252710
1868353
3808761
5726124
2332328
1833184
3466041
1910512
5198114
3552584
3456117
1411150
1551665
2397742
1055954
2958029
4451116
2499478
4427487
4846811
5426653
1811792
4865234
2306394
4154835
2517544
3687346
4261229
2503313
4577707
3917767
2200249
5554098
1598892
2271351
1828999
3228369
1847980
4111975
2347829
4154166
3807172
4385338
2136659
2097322
3270962
2883899
4604989
5776117
4773684
1941728
2870951
4985592
4888871
1125088
3922533
2129232
5854361
5901077
3635663
4754936
4140987
2301503
3100204
5494487
5904211
5214410
2581479
3759287
1920924
5166181
2508414
5510807
5035136
4864613
3094880
4059874
5831664
2497178
3014868
2738045
2610995
1543913
1075890
5824763
5563515
4348477
1321992
3605411
4637814
1626083
1088681
4432609
3565274
4178706
2630178
1251206
1817088
3371778
5895414
4124873
3988584
3397973
1102964
4344674
4284782
4969083
1120988
1169618
1757920
2672541
2552726
2447506
1689975
1490612
2931070
5041469
4669836
4852074
2127200
4701889
4609713
5721102
3379738
4831353
1740232
2244655
4129881
4828030
1223254
2680363
2606136
5138609
2822407
4982914
5040501
1788235
2109718
4774645
3964686
4861086
3621438
5812877
5685208
1748313
5178875
5891859
2023623
3954507
2203682
1713992
5258202
3478642
2769588
2984421
4748704
4742572
3443010
5854958
3550786
2883337
5885845
3169990
5883285
5841626
1464963
3246297
2519942
1280707
3779193
4990231
5604912
4212274
1173225
3817886
3632275
4460219
1991324
1495504
2767173
3560862
1962419
5888515
5221497
1246312
2930057
4361560
4405782
3815826
2272871
3529717
4847808
1451255
2503841
3123185
1648187
3414583
1189628
3075192
4780740
2285507
1131966
6017031
3067893
1119641
2514028
4667797
5152400
1920435
3831609
5859914
3553292
2454784
5453393
1943579
5350530
2554102
5014102
4899970
4432226
4881496
4571951
5679658
3609484
1250753
4747184
5808352
3772210
3530258
5658902
1078564
5650296
1774710
3843469
5235713
5991645
1226798
5501931
2892649
4126647
5462089
3411897
5311089
4813218
3845504
1934061
5314264
5705106
2809664
4431119
3233044
3215159
3824307
4200175
4721417
1221219
5824382
1301731
4336020
4312869
2853138
3366168
4041906
2285815
2558625
5572327
3883594
5391284
3045167
2976042
1662762
1546090
3479288
5714011
5561207
1273781
2604128
4548541
1878342
4329441
5496461
3452400
1709447
3443133
4785890
5510368
5574164
3846054
1098719
5954775
5040271
3331414
5772795
3855566
5570997
2004240
2005873
1941914
3075929
5123563
2490144
5973610
5211819
1507237
4707219
3852256
3896460
1358755
2921322
4088091
1927442
4791975
4630125
1468820
5337230
3533624
3449081
5188506
5010002
5646396
3144921
1106543
3405909
4583347
5222735
5582488
2179080
1336221
1598407
1959009
1822956
2286737
1014109
2404175
2437558
4152234
2667394
3903498
2116726
2450780
4268874
4123568
1683294
4758525
1585193
1848418
1502496
5835988
2162594
1293306
4966348
3990460
1824271
4433991
3905759
4985252
1382895
3473172
5234848
1394202
1564453
1726717
2424811
3122434
4035406
2488115
5629968
5623058
1276448
1952240
2865067
2413464
5840421
2032791
4574277
1330918
3201068
2981169
3920438
5251201
3011663
4988274
5742700
3022194
5028868
3797300
4294360
2809720
5884203
4886122
1938846
1767787
1000941
2220678
1259731
5174260
5052514
2880778
4742109
5260120
3957184
2115728
2631868
2199923
1355787
3426607
2858717
2588827
2162710
5321387
2291906
2814466
1775867
4640133
5061212
3854584
4289822
2714615
1648455
3335510
1198023
1314420
3054545
2423944
5206641
5797957
2128004
3606240
3768662
5202753
1071381
4120646
2369345
3670317
4955511
5829387
4418155
5129249
5293525
3247288
5385769
5467172
4098192
1588720
1293799
5519343
1388301
5277500
2671694
5004157
5993826
1167932
1487319
1269657
1678045
5616076
5170191
5898025
5608897
1670369
2643147
3061168
5884736
5259527
1257517
1162044
4013703
1514405
4317124
5614970
1023698
3906942
3974502
5502218
4035423
1266074
1725477
2641906
4916862
2150313
1852083
2805968
3172348
2957713
4144791
1403052
4009979
5463156
5069295
1214063
4302985
1863814
5077776
1134375
4093107
4777580
4120366
1325489
5535937
3273078
2629989
1848269
4759725
5501559
1895158
2322014
4519221
4324018
4181260
4047217
4302781
2177069
3529013
3967299
4387579
3473180
1277009
5473654
2574942
1553410
4993808
2336031
1130817
2669577
4966458
2901261
1603415
1171252
1156210
3023176
2787372
4215254
5345065
5208005
5016274
3681561
3520690
1060388
1755277
1588627
4547910
5224571
1115890
3550109
5977701
1068945
2771618
4060547
5876108
1512710
1557892
5383851
5577955
1970059
2485986
4878183
3893644
5155555
4192581
1990474
5871853
3107387
5428146
3254939
4338183
1255923
5035708
1430956
2323104
5481038
3059228
4893564
3092998
2756279
2826094
2242957
2691135
5529517
4398005
4894469
3669767
3642148
5946927
1727221
5933807
2537570
4886239
5894776
4472149
4807924
4702804
2367503
5527895
2263750
1168302
1756935
2732308
2931818
2719022
5573253
2131232
3745250
1792687
4879331
5914745
4010652
3544761
2721659
5212021
5582973
4400844
5369520
5425352
1382445
3948766
2632373
2881494
1534426
1750423
1023279
1297058
3413347
2349008
3152090
5302493
1283105
4132888
5984802
2932210
1444456
4952815
3577496
5761664
2130058
3908050
1258168
1353785
3124288
4728763
5928059
2123168
1174354
1794709
2086194
3311580
3586253
5746514
4438855
5559915
4095600
4029715
3985244
1471446
3011255
2153517
1573710
2492838
4772617
5805057
3318992
4909058
2202573
5188102
2112042
2413738
2347894
1336100
5715283
4521783
2088242
4789641
3484543
3874538
2630189
4640069
1452491
5949602
3624003
5006316
1901855
5782216
4913392
1620922
4709384
2214308
2515412
2559070
5139608
2722201
5327068
2918476
2654546
3890254
5217366
1088875
5675820
1237611
3576558
1374380
5507097
2032045
3736596
5124817
2771148
2980509
4866063
5738969
5636507
5007631
4155700
5451119
5787032
3583801
4565505
4817670
1707308
2605277
3579343
1788636
1187758
3419120
1358331
1153896
3204549
3768079
3177515
3623917
5461073
2195348
2995222
2182766
1592983
5682708
3622541
5194624
3250907
1671578
5709079
3589129
1072013
4971029
1501119
4067427
2194608
5172881
3452181
2419306
1899943
1381312
3636293
3029475
2276300
3979378
1788570
2741153
4572474
5021628
4280327
2130341
2526639
4454145
1582376
3943797
4997300
3066452
2096797
4227260
4781639
1463711
3059774
1531710
2330973
1387304
5406133
3993987
3381102
4524782
3391494
2485440
1743083
4934996
3302564
5489881
3364267
5724975
3623199
4887072
3794748
2085405
5494250
1294154
4964187
2725147
4105093
1681172
5475493
3522202
1772760
2682893
5958274
5042061
3360538
1110027
4100298
2656348
3795157
4074774
2384796
1877364
1094929
3582556
2308634
1156878
4511240
4398934
1423126
1704301
5103811
5935873
4914815
1787730
1629581
3106498
6002617
2188556
1658051
1489158
1149324
2127028
5710910
2067908
3070759
5005127
1618247
1913541
3310589
4103958
4923739
3127957
2709141
3824569
1001783
1401722
1998828
4526436
3035588
2891780
1740038
1127756
3566940
1007150
2320598
2194335
3148642
5126656
3873902
2002591
4774137
4917473
1612765
3976449
4964294
5418261
2441104
4072582
1601505
5439595
2955909
2591778
4367640
3299252
1496280
4599760
5627121
3141419
4722530
4109250
3626691
2320379
4617512
3431884
4254222
5862239
3510633
1194925
2034918
1855275
2368675
5924051
5067400
3817241
3955205
3454743
2243400
2981480
5724300
3591007
2551798
3382640
3407878
4513389
2476638
2648879
2867346
5090937
1975153
5497427
4176903
3494293
1247458
3901931
1277930
5413154
2496761
5471728
5112230
5587372
4816089
1217220
4576597
4113497
4377036
2910184
1193173
5493166
5849617
2810837
4955231
4937355
5028409
3354331
1556979
3185481
4828491
2632072
5448350
3547132
4170226
3755612
4570164
1274273
4098373
3336070
2601010
3457256
3750099
5462832
2870874
3527725
1180290
4994697
5631019
5644287
3259716
5784178
1709521
2473135
2432568
3811759
4114617
4131045
3007351
4616917
3241868
1785789
5279189
5159150
4347999
3650856
4780491
1927050
2929358
3174587
4549900
4175762
4960341
2064208
4142022
5542223
5615979
5558692
4247974
2893638
3321365
3063447
1623160
2900017
3298829
1184014
3603056
1106327
1735078
1300932
1606983
5796712
4331914
4245844
1605043
3920513
3173531
4623292
4863181
4853152
2163092
1592239
5267929
3867117
4124750
1016363
4799850
4874532
2062980
5662680
4722063
4888325
4415145
4949988
4695625
3525155
4020839
2503073
3004413
5679099
4666615
2649291
1048650
3109751
4292119
5092945
4370781
1107367
4613048
1839025
1029688
2193114
5894149
1466723
2937554
5999320
4246222
2229440
1607994
4023997
4835945
5503498
2801335
5797760
5940820
3836590
1018664
5544175
6013896
1203522
2298840
2836481
5176852
5713597
5931157
4674584
5979343
4259376
3194997
5934821
5284703
3188199
2776075
1261250
4803071
3349448
3202689
1583632
2930847
1614715
4667482
3059661
2345090
4883377
5282520
4019464
2846930
6008541
3866131
4615399
5434259
5045308
3984102
4998949
2012284
3653420
1580807
2742358
3643726
3061184
3142508
2275777
2386952
3815810
4006101
5450249
4159833
2194021
1873803
4463283
2082607
1019453
5233917
1427125
5764398
3661429
4269677
4633574
5215205
4456079
5603850
4876963
1391801
3151528
1256261
1568628
1204061
2531681
5526573
1081490
4218968
5700612
1908292
2754049
2684131
3837398
1194169
5518686
4977352
1336348
1368752
1169639
6019873
4367721
3223562
1116032
3718522
4532720
3090084
3418894
3346701
4839625
3523652
1508689
4107376
1399571
3803037
3473643
5517916
3756126
4556209
3455608
3849227
3081031
4491954
2943930
1471913
4981487
3009613
4911541
2187429
4700032
2969512
1761272
2374014
5799211
1690110
2949678
3518701
2823822
3147829
2225354
5144871
4659860
2129701
5679754
2951523
4748851
1794502
2895268
1857507
2819284
2049151
1033731
5972480
3498691
4449252
3827986
4966098
4703571
1866045
5755586
5352946
1605682
4853216
1936412
4339115
5605719
1201381
1047669
2154201
1113796
5285588
4214584
3501653
3998147
2295066
3790292
1190774
4069543
5838449
1731784
5467978
4018590
3302323
2632263
3622553
2417508
4739334
5269457
1581209
1147480
4073575
4813262
5889381
1887370
2765777
3671051
1327553
5133785
1209599
1730820
5329808
4742463
1152321
2654294
4261020
1813119
3836444
2160704
5453840
3653351
4923110
3483043
5213854
2200014
4096137
3976366
5243263
1785883
3716913
4564904
1524873
1054574
4220988
1049613
2958190
4191887
5084220
5239605
5476805
4190468
2551926
1444975
4117757
5937089
1888169
4722609
3374821
1619291
4522313
2894480
1818459
2061038
3045031
4332983
5005061
5591119
2447370
3106297
3346628
2812157
5138421
3534344
2224578
3713450
2751874
5598133
3710236
4776642
5198610
4072758
5705495
1417742
5260026
1167438
1419373
4369469
3407968
1591441
1572363
5498849
1365090
1787176
5534477
3729501
2445497
2469343
2799399
3053863
2874043
2101122
4093206
3117004
5623904
4432007
3898190
3348603
1827275
3623325
3166772
1966896
4559823
3281890
2317481
3488801
5171749
1137858
5683185
3557088
1715712
1669321
3615183
2434406
4133947
3474058
1896555
3259843
6008371
3745296
5713454
2262106
3189758
5075413
4104080
5516884
5045592
3214293
5406855
3148089
2292616
5788718
5598904
3759512
1961648
3510740
2371520
1740166
2534136
4104165
4353124
2064739
5546064
5795873
2801018
4052545
4284092
3884913
1790659
2466884
3128837
1015525
1515968
5573187
1954718
2039821
2032951
4580115
5802220
3649588
3016158
2909669
3600000
3360911
4779621
2824525
3871613
1949357
4228665
3953505
4238870
2169094
5447542
3594777
5936599
5161034
2333471
3597305
2844225
1972732
5869141
1990322
2813103
3012740
4012741
5480921
1225016
3727821
3721741
1796058
5765248
1100589
3019755
4089659
2644685
5580110
1224206
5373250
1802899
5849540
2224436
4257884
2261040
5550248
5449070
3744419
2325229
1673086
4472533
1987033
4499425
1861400
5533976
5322462
2250369
4561865
3725150
1430352
5996563
1007791
5743282
5281030
1858776
3691954
3571087
1518752
3147277
2868973
5375876
3038433
1511712
4443060
3673698
2074188
4737503
2038078
1305719
2510567
4584850
3357317
1643551
3000622
5593892
4725619
4094278
2531470
5999492
4216848
2061357
2584491
2308512
3548646
2066469
5238547
4104811
3743459
2522974
1190276
3165836
2832847
4611855
4771158
5464825
5097196
2906041
1848392
4932726
1149469
5414889
4130607
3108108
5772955
2509180
4167936
1504860
3823646
4191362
2856861
4676075
5635694
2688147
2980560
4268710
3683487
3967979
1703846
5376441
5018362
5691646
3565179
3344825
5466959
4665631
1997993
5031406
3490712
5700292
3484717
4589801
1046285
2864902
3906849
1730298
1978248
1179248
1137151
4094758
4343126
3186012
1013274
1590883
1796880
4369262
3181421
1692838
2018631
4457573
3159909
3338424
2400133
4418079
2093894
4151589
3796224
2364998
3201401
1738120
1718639
2243387
6022785
5852805
1164780
2401170
2278556
5119848
5948523
4614145
3655277
2259251
2188250
2509715
4469477
2340851
5697090
2492222
4034350
2436203
1925305
3984069
1464047
5735391
2830755
3905214
2667781
3123431
3744932
2974217
1080126
1784450
3237912
3688648
2620768
2281209
3671590
5331556
3508267
1757933
2203474
1049838
5441216
2244488
2538580
1090961
4208105
4371244
4136446
5072148
1583789
5998961
4995036
1205083
2629155
5761583
5496391
4187822
2093049
1193745
3461680
5127109
4434433
3845495
3751642
5998741
1754682
5894093
1803399
5559811
4679670
3615932
3588865
2363698
3270315
5101168
1304863
2075711
4504118
4371025
5537712
2123353
1767347
4534095
5420450
3964759
5173816
2017600
1048428
4311399
4518412
3746677
1440045
5409481
4363145
3999616
5698999
2665497
4131758
2457321
5269648
1783882
4263027
2143590
1231824
3225574
3978210
3933218
3835407
5116599
2544674
1519454
1386128
3485914
2774752
2860702
4014597
2079815
3905082
6010419
2653595
1712446
4824936
3512157
5733337
4212263
4109117
4661013
1028504
2010482
3402593
2818564
2734340
2120735
4638440
5257582
2440385
4529226
1988133
2906053
4132050
2211050
4475366
3259804
3264669
5695277
5360842
4150070
3051908
4033270
5790291
4337964
3557954
2420696
4915286
2190624
3256897
3128296
1468510
5227358
3761090
5276998
1729292
3706346
1162774
5088924
2043562
2851161
2204207
5270859
4087270
5278091
2220600
3989326
5348762
2552347
4678660
2692255
4705474
2499214
2967680
3133700
5997349
4498379
5243793
2894665
3904325
2216504
4257696
2272510
2949308
1567720
3492656
3620925
2494195
1230185
5186905
1355655
3518404
5789789
3434046
3104875
5416803
3518074
4096388
5238280
3379781
3212858
4858329
5687339
2205783
3437292
2323905
3235206
4411331
3641883
1217751
4912407
2301729
2958163
1575241
2146408
1061179
2723771
1553161
3072985
4511138
1507401
1418253
5624040
4959269
4804429
4381856
4174901
3779616
3829846
1337263
2020122
5125386
1068049
4143066
2402843
1381789
4647131
2591543
1753603
2235476
4985635
5078049
3789436
2039387
3697649
3904900
5723539
3962922
1057091
3370291
2769087
4207706
1886138
2668777
2461405
5047298
4560886
2797990
2666605
3485408
3890672
1572729
3075165
1947769
5360320
1172282
5285087
1977030
1580028
5148536
1272866
2461010
3797806
4425108
3451701
1121566
3665214
3446270
4530565
1116168
1863513
4652637
4939747
4951711
5070611
2229162
3660416
4132317
3962532
3704422
4944705
2889462
1198298
1230667
4779113
5353998
2507085
2264625
5765681
3697206
4911162
1429840
4918132
4731399
1380182
1795302
1546609
5178035
3885191
4689344
3058894
3516091
3125974
1401402
5920887
3889102
5920470
3165899
5580448
3116803
2023480
3432013
1223775
3975359
5541025
3866828
2343650
5910525
1571761
2903512
5899407
3991029
2482754
3412961
4392917
5172973
3669530
5461475
5576234
2505330
2753203
2978080
4956095
3248314
3103270
2619116
5450544
4192399
3838685
5148233
2706743
4635834
3664124
3826743
3164787
1688968
2122519
1916840
2554297
5594263
3703246
5886299
1990481
2923124
1709373
2483383
1900235
5859607
1327986
1624067
1763880
3149125
1254106
2667872
5697232
1636496
3423731
4348081
5671278
5559577
3901321
3888098
5102739
5322800
1809445
2438675
1633292
5013065
5806163
1828627
1952839
2736533
2432127
2763479
5277472
5440187
4072185
5704736
2967488
1933237
1106256
5632850
4328999
4442155
5398906
4611283
2399809
5082631
5112199
1532268
3574259
1946237
2070978
1155719
2999567
3112159
1695090
2139672
5526947
5960924
5581608
1632385
2191622
2904671
4881549
3139940
5251533
1265370
5035895
3077944
2420264
2688412
3248748
5360890
3176522
2153938
4254185
4961025
1971641
2595397
4493016
5953664
4281035
3949316
3303786
3734087
1323622
5277623
2097419
2859103
2909274
1187890
2507798
1567862
1499445
4652202
1888103
4128766
1014295
3860517
4869071
5840137
2338850
2680088
3186469
1230973
1972162
5734526
3231408
5477636
2052647
3893067
1372233
5269200
2518793
5090495
5477949
2692339
5484849
2319729
2967655
5948337
2287153
4848000
4744027
4976787
1181940
2662580
1243251
2238309
2521003
2798531
5815958
4177304
2032034
4927843
3862104
2606526
4102153
4103004
3626966
5681632
5632839
4657824
4811517
5149019
1360068
4526334
4111555
4361454
1436632
5466628
5965658
4031618
2710825
1103575
2251956
3504168
5469631
3179404
3133274
3312905
4705300
1665380
1243023
3569639
3628248
1782523
2296851
5396131
4335597
2061835
1920400
1899950
3962155
5375048
3584993
3178039
4652608
3302258
3727240
5707039
5727527
3618770
1047761
3072260
3308405
2730901
2074550
3641001
3538189
2699084
1607055
5780783
5869772
4245869
4521875
4942743
3165943
4962924
2918794
2317615
2246835
2775648
1192310
5401023
3096305
3186262
5282734
3166450
1356382
3619667
3830943
1907947
1233610
2147096
4803606
3572942
3138560
4706731
2350884
1412629
5015736
3795543
3879778
2797282
5176658
1968546
1728022
4516200
5605985
2219142
2313870
1153119
5218919
4695663
5521731
5436356
3242013
3679266
5704846
5784870
2592319
5088850
5505821
1224733
1617289
4062378
1767076
3941822
3979111
5942920
1082060
3726044
5174308
4664999
4917075
2465458
5007237
3598621
3241922
5358997
4752526
2489969
3794477
5583434
1006401
5306997
5011572
4916240
2299074
1941803
5512762
5656451
5294275
4320222
5498942
2399687
1908326
2617470
2555652
1513199
3238407
2539291
4935166
5152597
1786408
1408590
1469457
4094699
2764292
1067625
4777442
2269615
5934630
1661921
5273018
5881849
1324833
5142221
2544826
4629718
1349356
3005389
4319071
3748461
5366591
5342152
1089119
4157749
2551463
3479125
1417880
2390046
5528305
3743281
1174128
1575110
4095102
5706105
3533927
4914073
5319314
4551167
2579699
4482867
1398936
2268609
3169522
1107262
2621942
2614877
4221667
5619221
1256672
3268032
1043304
3936547
3234604
2809597
5690293
3959754
5281808
1856994
1343491
5478615
1392805
5908437
5630678
1890063
3634420
4478114
5403974
4502318
5746719
2827245
5510083
1719423
3111578
3436622
6020775
1304553
3584023
1667505
3401646
3640418
2513257
3275926
5820942
1052932
2869935
4042030
2805628
4921544
4614608
3877091
1241653
3014591
3235686
1902830
1233036
4456782
2769921
3196901
1850679
3748747
5433834
1013550
2339093
4216010
1508184
1085404
2691542
4854312
1386085
1737144
2229278
1157411
1542350
3610498
4007889
1680243
1179502
1765037
4062682
5959499
2899912
1912023
2181603
3150079
4180384
3643951
5069378
1881333
3409965
1618666
5780810
5853433
4730128
1585870
2412487
3188895
4482252
4051564
5136661
2434541
1323486
5719919
3097538
1726550
2787301
4851358
2725116
4391937
2010130
2867773
3392178
2158340
2208044
3242495
2207472
1002519
3712300
1698858
3134361
4248464
4771517
1470390
3372922
4838454
1201325
4638177
1710899
3882023
2091334
1504883
3863643
4505245
5628892
3373819
4543243
4109444
4046981
3391089
4907571
4640506
4725415
4994007
5774424
3868571
2732159
3153705
1382961
3229607
4763789
4101070
2047025
2563361
1163355
1756124
5607729
2112800
4871318
3351827
4868761
1734080
1149296
1420189
2488443
2734421
5337782
5411796
2855855
4952765
4609450
4040562
4159782
5610782
4765161
4951130
1908972
3257815
4859189
3956214
3332268
1260958
4037818
4494711
5081506
4510476
4251684
3426186
4941824
4292534
5634805
4274096
4880622
5985896
1334068
2752216
3843193
5449576
4655871
1185369
4087561
4980944
2871486
4178882
1308398
2750089
1037975
5263988
3305931
3354007
3924121
4257643
5934877
1798971
3684878
1629757
4747116
4852984
5223472
2046993
2033411
4544736
5931305
5615093
5933118
1747078
3079307
2363489
5916276
5150635
1603663
2181290
5021854
1657173
5062626
5344853
5747698
2963464
1093004
1355986
2633907
3238705
1878212
1558384
3791718
2515635
4028359
2257134
3850945
2179165
5555497
4961258
3946829
2002871
3879420
1865093
5038002
5035503
5392998
5954302
3829505
3903506
2352878
1525892
3223471
4419874
4505195
5812279
3539943
3559345
3593965
3421517
3089629
2402583
2370055
2560199
3515028
4159356
4661941
1395866
1519107
3370007
1827418
2030397
5217880
4062077
2503204
1433884
2113524
2679094
4449950
4836483
4454926
4273953
4518921
1435984
1393982
3243805
4144423
4444804
5775050
5751202
2691277
3899709
3240012
5722033
6000720
4233492
2158365
1808881
1823001
5365027
1072402
3637522
5112434
3972789
3690983
3730144
4161079
5657446
3364429
1831127
1278682
2300620
2942065
4824066
2364807
4019308
1813795
2982781
2273930
4379744
5172930
5159359
3263567
1690270
2195563
3242778
2272057
2335049
5106476
2313757
1412216
3474283
1538424
5377183
1566341
5138038
1598354
5609208
5859046
3283683
1795217
3525363
2310913
3381003
3633021
4111050
4631796
2793043
1649761
3539719
5998922
5474124
2076927
2308724
4679879
4217759
5777048
4254890
4474553
1821058
1348710
4166781
3906679
4916698
3749992
4393083
2000314
2686807
1022887
2771212
2708322
1268700
1099355
3626669
4348323
1021030
6008930
2361563
3251145
4094371
5814956
3086635
2491389
1023627
1794681
4009046
5515301
4872469
2540161
1645411
1574156
1014536
5932155
1327121
2331297
1408027
5783340
1285823
5925859
4190632
1353762
1167641
3531596
3546457
2327272
4023189
3544626
2530550
5692016
1217975
1365392
4359369
5521027
2341932
3551250
2588169
1851615
4336679
2752749
2309806
5817219
4727851
5522728
3660495
4850079
2518179
4584612
3604911
1170636
3470665
3792412
5420947
3599949
2230681
1243167
5620953
1415935
1764575
5998155
2431853
5166784
1806127
4924559
5320639
5479916
4938734
1556151
5695581
3188868
2320611
2311907
1233539
2062664
3160300
5199805
1126190
1085323
4757887
1185795
3794025
3815437
2697409
4732304
4154564
5665226
5377004
5381199
4792838
5127481
5430139
1756273
5886568
5594675
3017143
3560387
1063196
3723657
4431576
1174991
1956909
1673829
4227184
2768027
3427062
2195135
1743395
4905175
1129518
4415474
6000422
3434752
1261178
4470536
2537601
4501380
4624726
5421048
4001962
3377803
1962764
2881663
1790731
4298251
4467347
3927954
5620048
4423766
2371164
3920300
1705621
1985520
4885317
3545709
3303389
1241463
2235155
4942158
5162077
5942645
3298285
2253301
3975479
5347824
4017046
4936669
3446956
5778847
3507221
5321850
4660090
5106591
4170129
4741104
4771191
4161685
3145995
4872647
2720490
5527205
5750187
5735664
1149086
3536572
4003982
5632265
3281162
5796268
4073167
4000732
2802185
5886957
5659798
1485565
3176311
2235088
3763584
2937898
3964511
5055644
4051365
3226993
4908250
4636914
3535963
5222883
1233746
2178535
3932464
1980621
3581923
3266150
1067663
1751719
4297644
4590139
2593998
4733417
5582261
1313134
5946881
1732287
3365825
5963542
5444209
5810943
3030555
1332107
1671270
3617330
4646027
2709697
5776788
1656712
5580688
5851719
2543721
1882694
1788479
4943080
1681935
1455344
3390966
3685495
5184504
1227299
3199290
2460570
3640971
2911291
2135490
3365406
2916086
1765279
4907173
4741162
1533081
2367356
5813674
2069293
2708295
4563526
4371748
1725846
1464614
4442989
1920612
5119449
2424603
4719269
3637692
4496116
4218527
5161371
1607577
3747258
1242457
3917137
4162225
4616766
1067992
3843122
5525725
3760245
5382140
5531424
3488540
1606616
5601525
2939668
3161829
2427328
4245453
3906448
2260193
5987045
4515858
3849338
4014885
5166733
4521728
1006593
5304796
2223674
2308947
2814343
4403340
4988114
4362551
4118127
5164218
5130372
5936393
5825323
5069892
5727947
5161648
5713877
5475720
3197617
3059370
5732882
1821781
5223352
4770980
4087942
5056054
2683932
3846988
2256516
2475364
5988442
3645016
3385976
3860448
5858094
4603228
3589933
3262598
5583591
2729589
3673821
1815899
5961467
4443293
3359621
4620786
5361341
5443460
1893254
4446773
4019276
4039145
4307361
1576152
5381249
5740765
2001953
2071214
1256838
3203005
5283125
5094868
5564896
3331104
3075761
3189529
4372784
5675993
1888827
2525866
1691393
5762314
5545879
5677329
3776395
2356235
4199153
5855243
6000332
2321036
2830357
2527056
5775572
3499679
4485140
1269864
3757316
2175319
2151428
5608691
1321112
3298051
5148798
4724349
4096287
5510200
3086514
3993903
1629997
4463234
3001854
1776306
1900699
1425927
5976917
2904841
1800651
3784320
4646301
4283855
1322262
3773932
2137013
1761415
5760167
4399412
2103435
5421834
4254052
2298705
2792817
3414288
2857558
3040236
4212106
3609327
3141857
1481684
4270406
2927324
2040787
5722517
5606038
2986520
5586312
3634852
3903880
4329280
1401691
2159463
4618446
1403440
1637604
4969529
3733065
2722502
4702747
2886158
3264834
4196455
2144056
1383009
1632130
1199973
1966771
3156791
1859190
1848645
5467298
2408618
2015884
3226868
2490851
2436736
4217369
6017643
1447846
2340692
4674437
4155123
2216072
5151129
4474856
2919028
2108717
3330502
4372041
4224324
3110303
3927621
2305570
2491727
3102114
3441377
1575925
4683532
5598353
2290225
2104973
4730727
4139484
4564899
5552653
4240558
2013995
4984395
4040941
1802824
2238499
2956460
5677405
2458909
5066486
2146061
4537263
2070782
1184569
2409488
4385993
5520160
2979990
3159239
2213445
5293997
4508941
4674663
5896394
1622854
4671729
2445558
1449035
3667613
2828830
1075121
1785521
5231393
2823586
4458583
1207818
2192919
2256803
2439500
2714220
3836525
2720524
1215691
5579764
3672516
4063166
1574181
4246143
5404674
2082595
5151878
5646437
4924891
4771033
1884117
1570291
3575671
5099676
1280430
3114115
3140827
2084011
1299140
3468535
2490309
5688616
4651488
3849591
1785778
5189563
3639909
2395917
1982306
2651551
1332214
5667218
4503037
5674788
4563180
5274330
4536837
4992801
5531047
3082793
5708680
3983816
2811650
1127209
5771713
5209260
3124560
3374967
3490798
1899026
2707052
3421631
5839458
4623206
4844464
1907780
4778217
1252916
2474893
5453268
2306872
3209205
4962107
5652024
2376704
4846687
5071281
3901745
2487265
1187406
6006797
5525531
1797257
4803215
4473759
4017584
2867259
2168832
1050396
5353838
5940587
5121898
3435414
2057973
1156772
2107227
3720399
2029111
1389091
3644913
3576770
5462988
2081030
4975466
5146665
5357494
3722013
1760080
1744107
5662655
2951813
5330879
4408480
3603984
3542182
5061167
1222148
1297790
3615831
3145505
4642119
5575347
1097480
2134270
4410184
2750642
3454614
1650275
1017462
1997057
5030000
3660468
1285361
1431300
2706679
4856097
1419349
4443744
5201717
3628776
4656223
3056378
1490901
3874870
5405217
1205890
3949261
3623092
1813053
5639302
3284590
3733445
5323536
4558090
3056438
3036611
4136771
3774852
4480375
3857818
4043742
1522545
4060299
2350363
4180594
3753329
2645627
4358734
1136975
4138851
2025744
5593857
2219528
3034807
4508793
5114310
5617095
2998780
5843254
4587130
2890451
2253380
4900166
1279916
5655636
5187593
3991630
1599713
1197192
4618206
5315759
4586062
4653854
2534847
3836146
5902076
5385964
5036358
4204921
5748182
1494676
2271373
2175298
3012178
5348739
4634772
3249969
2201651
1206939
4432676
4586903
1314459
3789266
4625756
4526059
1543240
4107071
1679148
4131636
5074206
4935835
5229085
4761725
3897968
4104048
5919501
4554992
2343409
2017430
2448266
1536511
4035028
3085566
3217452
2825868
1054808
4360136
4597611
5946838
4218357
3051789
4589848
1518887
3836348
4882223
5403436
2054621
5293952
3169270
1000238
1611547
2583074
6020680
2603364
2853493
3053121
2235770
5403175
5630168
2840409
3769293
4421247
2163503
5329380
1611127
5060525
1851749
4736439
3137287
1796147
2853119
1154371
2745152
6020819
4410985
5278540
5003354
4083773
5711808
1900162
5141887
2035748
5682900
3399586
3675430
1649114
4213334
1645199
2385128
4204116
2572190
5934107
4295865
4387506
3740034
1639750
4899420
2318905
3535480
1294355
5884645
5743253
5363327
3981039
1754039
3398653
5189324
2258083
1790399
3790795
5252432
4470295
2617547
4420739
3805774
2155624
5414893
1408928
3569575
2377083
2681344
5370698
4082645
3927715
2419947
4062670
4708251
1064214
3510841
5982952
1488281
4762033
3077442
3433241
5715341
1767881
4049388
4267712
2641516
2423481
3556323
2366835
5260855
1915718
2975943
2302550
5474802
1944101
2378727
5827135
3968519
5528994
5319357
1466602
4434852
2953596
3340361
4867428
5655791
3634067
5798684
5335329
4722889
4442227
3299228
4517282
4509401
4320177
1895938
5614048
1643713
3728025
2686200
2606092
5450643
4760964
3925742
1159033
2381056
3891565
4420925
2382015
1338356
4574491
1149997
2425149
4120498
1502959
2033079
3141134
1347145
5356300
1517808
2917402
4788971
2513818
4726672
1099507
5438174
3818689
3463443
3632063
4194591
5047342
3317815
1423472
2517325
2048053
4049505
5598977
3774876
2467450
6003064
3854797
3210322
5186359
2950045
1472861
2159944
5676605
5637131
1354891
5471869
2440318
2197081
4553282
1955202
3615346
2415119
4926087
4078906
2008285
2669099
5912585
3940592
3930119
1742381
3186808
1429346
4045528
2419586
1008233
2277267
3325050
5835844
3257324
3206783
2164950
5537109
1001255
5101058
3859247
2896135
2347336
3904230
1047290
2835436
5253168
4671871
1843033
1459153
5881830
3858357
1068372
2600582
2291584
2438330
4212416
4496308
2051844
2841862
4159989
4708737
4313303
3913433
1603248
4057929
4784149
4941449
2788385
3321269
5426555
3035678
2938427
2027190
1248299
1264028
2541452
2752152
2260909
6003934
4685194
5401677
4097411
1432710
2474861
5828046
2519294
4902737
2249095
2909256
1156418
3931721
5574988
3321971
1396411
3314211
1501125
5786041
2482994
4066454
4390244
3362834
3764311
4767357
1637868
4064563
1160664
2244457
5681562
4558421
3601083
1198662
4276476
1856929
3769406
2574593
3369389
4039490
5297501
5644418
5487433
5100076
3821272
3655740
3646548
4032263
2464823
1642407
5123100
4606103
5701873
1788986
3369259
1417781
3516617
1996388
3596841
1364801
4234066
3632512
2242127
5775335
2466737
1278608
4438592
2297045
3206164
2218844
2709861
4253967
5443770
2273601
3932592
2316022
3894335
2423128
1199775
5054598
5986175
3192932
4657588
1759681
5918683
3243578
4816803
4328070
5322916
5529436
5033817
1995565
3720934
4460845
3538367
4091723
5788578
4765336
1854918
4786473
1567552
2450822
2844982
3556878
2625131
5262720
3358726
3569794
5953190
3393790
1244836
4080476
4480008
4667826
1670605
3592125
3008057
4316226
5378076
5458195
5187282
3022645
2819608
5359032
5750554
4250039
1379349
1119751
2238762
3797152
3038518
1844957
4267764
2377613
1855074
1474471
4573995
3546465
4494931
1913624
1613742
2405536
5166082
3903918
2400486
4418820
6002531
2927285
5142542
1445146
1029561
2869833
3978586
4949797
3813463
1846486
5712035
2539074
2501126
3468016
4713405
1797821
2580547
1599439
2334840
3577063
5342926
3421480
5348071
1286706
3502951
5113359
5199963
2734137
4700617
1182277
1168927
4596390
4560679
2038810
2099390
2189252
1700224
1300393
1484964
2432844
2083597
5311350
4917147
5564292
1531699
1701139
4798931
2833769
4454335
2204024
5025694
4192538
2474968
4901131
3929898
1887977
2986584
2977859
4932440
1071917
3803288
3565953
5085189
4015467
5920992
4725198
5895951
3037497
2453440
1567344
3632392
5614809
1641104
2140936
1825829
5386654
3220414
1817014
4569784
1840757
2302495
2772669
2881797
1809363
3621666
3075386
2615554
5003085
5936109
1766334
4904651
4888298
5752479
5400239
1506655
3602615
3177060
4464497
3614241
4260174
2437390
3158939
2150602
3366848
4825898
2980511
2214315
1408296
4372125
3056823
5130380
5700627
2886068
3852013
5916430
5985509
4521343
1459609
5647798
4393150
5790971
2114373
5152138
2690637
1888270
2110101
3996508
4700370
2393947
1378436
1725676
2621270
3364494
1759547
2979777
1800214
2016125
2207132
4366863
1713520
4453644
1261684
5081557
4610541
1373713
4978116
3293359
5912746
3849708
1063553
2259023
5493800
3336747
1855388
5739645
5377926
2190011
4521127
1200882
2402037
2883756
2765500
1817868
5582104
5720185
2135892
3053874
5662222
4862760
4358619
5653352
1404649
3345382
4668616
2487924
1598629
3459541
5405333
4924130
2140240
2473684
1535483
3385285
5760065
5561281
5786288
1230787
2638846
2483455
4021103
1924450
1242440
2932477
5455054
5111937
1114533
1513136
4260422
3889693
4747430
2329044
3701131
3799895
1551873
1593195
2082343
3234342
4199269
5890731
5712752
3820941
1059447
4828538
2911609
3479400
1935143
1133395
2849647
5301549
5217531
2103489
1946849
1888472
4711054
5055970
5360769
3332152
5910837
3872233
2413880
3137527
1868880
3671507
1673894
2254835
5021586
2070434
5726227
3606094
5783019
3469131
4448221
4431560
1000518
1622462
5667064
4082331
2619464
3001232
3446499
3110955
5278003
3444230
3895049
2817795
5045824
1481491
4481805
5615267
5062192
4897382
1670583
3159928
5231317
3322630
2244395
5410053
3574335
2999474
3492619
5088326
5386872
5155840
3653577
5881215
3483958
5273128
4257591
1838259
1895397
1223034
1592668
5953924
4909228
1414301
1980604
2387036
2595175
5968060
4692968
4858880
5420007
3487785
4566504
1195926
3928562
1365893
3228804
1614390
4478644
5454036
3921757
2020324
1536980
5317254
4181195
2235871
3724466
3474184
3690410
3242420
4123619
4526827
3109975
2271398
3504102
2335616
5910952
2615455
3985108
3773247
1911929
5374137
4988966
2713447
3436506
2874629
4957529
5744429
3432754
3228094
1281611
5832971
6001158
2609299
4417691
2901011
3803223
4518899
5716323
1353546
4890377
3358744
6010085
5773797
5583298
4291701
2417769
2278853
3960854
4697750
1277775
3787946
4745847
2293622
4344441
3715476
1103900
1360907
3094921
4090888
4952178
5049383
2251345
1847720
3963986
2104028
3576381
5656904
4271032
3942583
4177681
5978716
3886109
3007626
5338106
3960586
1413115
1036248
2368610
2023704
1379484
3425717
5641016
2405407
1750582
2236698
4467744
4827923
4769046
5272462
1326561
2595849
2253620
2859919
5386707
2626656
4750652
1650505
1942574
2640080
1023795
2858675
2354966
4512485
2060283
5897605
1693113
5200995
4871272
3074115
1844681
2139278
2857737
3125376
4115505
3852658
4338991
1138399
2920963
5901865
3259041
3801960
3077050
1647654
4572077
4847928
4181661
5531640
2312044
1478774
2957628
4878442
3033686
3364625
2882808
5435671
1698272
2192059
1504274
3142457
3658733
2840820
2438140
3165962
1234197
4825144
2765974
5034469
2357640
1728516
5200137
5518733
5274828
5112251
2383089
1554323
4068241
1425162
2487509
4451742
4368366
3657258
2473049
2558035
3410611
4252547
1582071
2754507
1527675
4424689
3897634
1739837
4150107
3627301
2683615
4260454
3818498
1293920
3859572
2747459
3534066
1531732
2944206
3589902
4200665
5211384
3773969
4826910
1219251
3834270
1712387
2247708
3207615
1890551
3176309
3202540
5404533
1271711
5232744
1902665
2762452
3322839
4897774
1413800
2149251
3093643
5641401
3843178
5353492
4025351
3591772
4399557
1054928
1952720
4397127
1419459
1491640
3054552
3618445
5718789
3826546
3289072
5012613
3048002
2974594
2820988
3587949
2127927
5819699
5123757
5583374
4878975
5630102
3671633
1963357
2086920
5573103
3763760
2819160
4260913
5387576
3750495
4343762
4227087
1856165
1761105
4432269
4184419
4621027
1473018
1987956
5858850
2820267
1630501
4659238
1559230
3349777
2342278
1329971
2806626
3516742
3263944
1107556
5805338
3158693
5563726
5921028
3179772
2066444
3231776
3141751
3703261
4144431
1599598
3917772
3276064
2935437
1435772
1580613
3825686
5777504
1861597
2040726
3414265
4393118
5024059
4502173
1439446
2525491
4384620
4097374
3466375
2537594
2769069
3949856
4267490
5807003
1684502
3040318
2574175
3133687
5344469
5961071
1048639
5203856
5745293
4984333
3252582
2250292
1897957
5403215
4806427
2762662
2417881
5119921
4038287
4723682
4694577
3451598
5851147
3775760
1681079
2224517
4358318
2741258
4645490
5538529
2703211
2261113
4992592
5605689
2820625
5278985
1925908
5123348
2145778
4247401
3718020
1585487
5436342
1141560
5174774
3728683
1691705
3860974
1018344
4807664
3803358
1088625
5259244
5449008
2570565
5762306
3368724
2624056
1105676
2080840
2267446
1229707
2072947
4688078
1944766
2146638
4091928
1115009
5652746
1188944
4883875
3783768
2944534
2832782
5961589
1423047
1592250
5392009
4963112
4432713
5021505
3579429
2957971
2161145
1715109
1799176
3958294
1347987
3572229
1977870
1556396
1692825
3435196
2811251
2023657
2085449
4777903
3423633
1027766
4536027
5786138
5540315
2814619
5070418
2344523
3985835
3818693
3836731
2539232
3764938
2895786
1740551
3669995
3471247
2798654
1955572
4526455
1011430
3479435
2536241
3701256
3416128
2544453
2591099
1570799
2810403
1063045
1329984
2242584
4961137
3007416
3415873
5817327
1633257
4406156
4212219
3950674
1047165
2814112
5420971
2773169
1066653
3665231
1048884
1576004
3242290
4426055
5292540
2366340
5653578
4186802
6007567
5735125
3019971
4975988
4177377
2044474
5199589
3955895
3532199
2505669
5124153
4901207
5077516
2320496
5249568
1052442
1865017
3913778
4145592
1456578
5987582
1900177
4193427
1129970
3580468
1476949
5680846
3844995
3589611
1988464
1764273
2543237
2345755
2162566
3116607
5393794
2666720
5503531
2135481
1495828
4602723
5544059
2006145
3836620
3203731
2364710
3161410
3264281
6007085
5611231
2276419
2805724
2819910
3918511
2160606
1517296
5605486
3712050
5670752
1181674
1067000
3129531
5333795
2101934
5575177
2417825
5432071
1656361
5640066
3786182
3171046
1100704
2991172
3147296
2750255
6003765
1472357
4803851
1215114
3215394
5221544
2660248
4182589
4734927
1208767
5681364
5770058
1818256
2950034
3226900
3027266
3572499
4017776
2204471
4603451
5383033
1784314
4387184
5446966
5416470
3510301
5016256
2906839
2528545
4358494
4407147
5974786
3851961
1798846
3876862
5988637
2088386
1812046
1230278
4689231
1399482
4968662
4433039
1415696
5520378
5025300
2448500
3975874
